<?xml version="1.0"?>
<opencv_storage>
<viff000_matrix type_id="opencv-matrix">
  <rows>3</rows>
  <cols>4</cols>
  <dt>f</dt>
  <data>
-22709.315184      274.764809      -4576.318359      -473011.371296
62.888959      23231.651467      -16.482257      -599742.654042
0.113968      0.109426      -0.987440      -233.764960</data></viff000_matrix>
<viff001_matrix type_id="opencv-matrix">
  <rows>3</rows>
  <cols>4</cols>
  <dt>f</dt>
  <data>
-23146.003648      -122.974148      -989.229023      -473011.371296
-339.421041      23229.241847      -31.194701      -599742.654042
-0.042842      0.108486      -0.993174      -233.764960</data></viff001_matrix>
<viff002_matrix type_id="opencv-matrix">
  <rows>3</rows>
  <cols>4</cols>
  <dt>f</dt>
  <data>
-23012.760684      -517.685073      2622.218415      -473011.371296
-739.024554      23219.978808      16.834744      -599742.654042
-0.198598      0.104876      -0.974454      -233.764960</data></viff002_matrix>
<viff003_matrix type_id="opencv-matrix">
  <rows>3</rows>
  <cols>4</cols>
  <dt>f</dt>
  <data>
-22312.867178      -899.648874      6169.098133      -473011.371296
-1126.082014      23204.090436      126.423434      -599742.654042
-0.349464      0.098683      -0.931739      -233.764960</data></viff003_matrix>
<viff004_matrix type_id="opencv-matrix">
  <rows>3</rows>
  <cols>4</cols>
  <dt>f</dt>
  <data>
-21063.556829      -1259.460334      9564.074181      -473011.371296
-1491.062782      23181.967956      294.872932      -599742.654042
-0.491724      0.090060      -0.866081      -233.764960</data></viff004_matrix>
<viff005_matrix type_id="opencv-matrix">
  <rows>3</rows>
  <cols>4</cols>
  <dt>f</dt>
  <data>
-19295.591806      -1588.259700      12723.550981      -473011.371296
-1824.979821      23154.156095      518.035452      -599742.654042
-0.621877      0.079220      -0.779098      -233.764960</data></viff005_matrix>
<viff006_matrix type_id="opencv-matrix">
  <rows>3</rows>
  <cols>4</cols>
  <dt>f</dt>
  <data>
-17052.505273      -1877.950842      15569.731729      -473011.371296
-2119.610984      23121.339676      790.415993      -599742.654042
-0.736717      0.066429      -0.672931      -233.764960</data></viff006_matrix>
<viff007_matrix type_id="opencv-matrix">
  <rows>3</rows>
  <cols>4</cols>
  <dt>f</dt>
  <data>
-14389.529467      -2121.400601      18032.534009      -473011.371296
-2367.701475      23084.326746      1105.307641      -599742.654042
-0.833416      0.052002      -0.550194      -233.764960</data></viff007_matrix>
<viff008_matrix type_id="opencv-matrix">
  <rows>3</rows>
  <cols>4</cols>
  <dt>f</dt>
  <data>
-11372.235689      -2312.614437      20051.315455      -473011.371296
-2563.142482      23044.028687      1454.956719      -599742.654042
-0.909594      0.036295      -0.413909      -233.764960</data></viff008_matrix>
<viff009_matrix type_id="opencv-matrix">
  <rows>3</rows>
  <cols>4</cols>
  <dt>f</dt>
  <data>
-8074.919727      -2446.884030      21576.366968      -473011.371296
-2701.121600      23001.437771      1830.753706      -599742.654042
-0.963375      0.019694      -0.267433      -233.764960</data></viff009_matrix>
<viff010_matrix type_id="opencv-matrix">
  <rows>3</rows>
  <cols>4</cols>
  <dt>f</dt>
  <data>
-4578.772441      -2520.903218      22570.136718      -473011.371296
-2778.241324      22957.602728      2223.445234      -599742.654042
-0.993435      0.002608      -0.114371      -233.764960</data></viff010_matrix>
<viff011_matrix type_id="opencv-matrix">
  <rows>3</rows>
  <cols>4</cols>
  <dt>f</dt>
  <data>
-969.880582      -2532.849402      23008.154796      -473011.371296
-2792.602710      22913.602921      2623.361933      -599742.654042
-0.999032      -0.014542      0.041507      -233.764960</data></viff011_matrix>
<viff012_matrix type_id="opencv-matrix">
  <rows>3</rows>
  <cols>4</cols>
  <dt>f</dt>
  <data>
2662.892956      -2482.428428      22879.635744      -473011.371296
-2743.852135      22870.521773      3020.656528      -599742.654042
-0.980031      -0.031334      0.196362      -233.764960</data></viff012_matrix>
<viff013_matrix type_id="opencv-matrix">
  <rows>3</rows>
  <cols>4</cols>
  <dt>f</dt>
  <data>
6230.097231      -2370.881827      22187.744126      -473011.371296
-2633.189998      22829.420084      3405.546306      -599742.654042
-0.936897      -0.047354      0.346383      -233.764960</data></viff013_matrix>
<viff014_matrix type_id="opencv-matrix">
  <rows>3</rows>
  <cols>4</cols>
  <dt>f</dt>
  <data>
9643.895837      -2200.956247      20949.516612      -473011.371296
-2463.341169      22791.309913      3768.554004      -599742.654042
-0.870694      -0.062209      0.487874      -233.764960</data></viff014_matrix>
<viff015_matrix type_id="opencv-matrix">
  <rows>3</rows>
  <cols>4</cols>
  <dt>f</dt>
  <data>
12820.229720      -1976.835820      19195.442470      -473011.371296
-2238.487890      22757.129661      4100.741168      -599742.654042
-0.783052      -0.075531      0.617353      -233.764960</data></viff015_matrix>
<viff016_matrix type_id="opencv-matrix">
  <rows>3</rows>
  <cols>4</cols>
  <dt>f</dt>
  <data>
15680.887000      -1704.039134      16968.712829      -473011.371296
-1964.166794      22727.720957      4393.928247      -599742.654042
-0.676128      -0.086994      0.731630      -233.764960</data></viff016_matrix>
<viff017_matrix type_id="opencv-matrix">
  <rows>3</rows>
  <cols>4</cols>
  <dt>f</dt>
  <data>
18155.428800      -1389.283349      14324.157163      -473011.371296
-1647.132578      22703.807943      4640.896003      -599742.654042
-0.552556      -0.096315      0.827892      -233.764960</data></viff017_matrix>
<viff018_matrix type_id="opencv-matrix">
  <rows>3</rows>
  <cols>4</cols>
  <dt>f</dt>
  <data>
20182.923689      -1040.318797      11326.893207      -473011.371296
-1295.191676      22685.979436      4835.563269      -599742.654042
-0.415378      -0.103264      0.903768      -233.764960</data></viff018_matrix>
<viff019_matrix type_id="opencv-matrix">
  <rows>3</rows>
  <cols>4</cols>
  <dt>f</dt>
  <data>
21713.448013      -665.738145      8050.723550      -473011.371296
-917.010041      22674.674432      4973.136692      -599742.654042
-0.267972      -0.107670      0.957391      -233.764960</data></viff019_matrix>
<viff020_matrix type_id="opencv-matrix">
  <rows>3</rows>
  <cols>4</cols>
  <dt>f</dt>
  <data>
22709.315184      -274.764809      4576.318359      -473011.371296
-521.899760      22670.171299      5050.228756      -599742.654042
-0.113968      -0.109426      0.987440      -233.764960</data></viff020_matrix>
<viff021_matrix type_id="opencv-matrix">
  <rows>3</rows>
  <cols>4</cols>
  <dt>f</dt>
  <data>
23146.003648      122.974148      989.229023      -473011.371296
-119.589760      22672.580918      5064.941201      -599742.654042
0.042842      -0.108486      0.993174      -233.764960</data></viff021_matrix>
<viff022_matrix type_id="opencv-matrix">
  <rows>3</rows>
  <cols>4</cols>
  <dt>f</dt>
  <data>
23012.760684      517.685073      -2622.218415      -473011.371296
280.013753      22681.843957      5016.911756      -599742.654042
0.198598      -0.104876      0.974454      -233.764960</data></viff022_matrix>
<viff023_matrix type_id="opencv-matrix">
  <rows>3</rows>
  <cols>4</cols>
  <dt>f</dt>
  <data>
22312.867178      899.648874      -6169.098133      -473011.371296
667.071213      22697.732329      4907.323066      -599742.654042
0.349464      -0.098683      0.931739      -233.764960</data></viff023_matrix>
